 G 	-20	-17	-14	-11	 -8	 -5	 -4	 -1	 2 	 3 	 4 	
 C 	-18	-15	-12	 -9	 -6	 -3	 -2	 1 	 2 	 5 	 3 	
 C 	-16	-13	-10	 -7	 -4	 -1	 0 	 3 	 4 	 4 	 2 	
 T 	-14	-11	 -8	 -5	 -2	 1 	 2 	 5 	 3 	 1 	 -1	
 A 	-12	 -9	 -6	 -3	 0 	 3 	 4 	 2 	 0 	 -2	 -2	
 G 	-10	 -7	 -4	 -1	 2 	 3 	 1 	 -1	 -1	 -3	 -5	
 G 	 -8	 -5	 -2	 1 	 4 	 2 	 0 	 -2	 -4	 -6	 -8	
 T 	 -6	 -3	 0 	 3 	 1 	 -1	 -3	 -5	 -7	 -9	-11	
 A 	 -4	 -1	 2 	 0 	 -2	 -4	 -6	 -8	-10	-12	-14	
 C 	 -2	 1 	 -1	 -3	 -5	 -7	 -9	-11	-13	-15	-17	
 U 	 0 	 -2	 -4	 -6	 -8	-10	-12	-14	-16	-18	-20	
	 U  	 C 	 A 	 T 	 G 	 A 	 A 	 T 	 G 	 C 	 A 

========== SCORE: 4 | Match: 1 | Mismatch: -1 | Gap Penalty: -2 ==========

Alinhamento:

CATGGATCCG
CATGAATGCA
